name: Work
latitude: -37.8208298
longitude: 144.9638573
radius: 200
icon: mdi:briefcase
